0.051779084668956
0.058568044816039
0.048046442227559
0.052722690037554
0.052839040463687
0.052450863920869
0.047144370975495
0.064107088885482
0.060518295004076
0.056961981526861
0.062406011740556
0.058680805480841
0.051263655380307
0.055191689722303
0.050628712786572
0.045576513081442
0.051054389375166
0.063615671134295
0.050229619307422
0.067745749209399
0.050183604064693
0.051663571370831
0.062792048822582
0.045535000577265
0.055998284162367
0.042735534715866
0.057225311738977
0.051092186169831
0.058367990483486
0.05239468415643
0.047581080933307
0.054140616868351
0.051394659225639
0.056899392750511
0.051884634250459
0.042222709131496
0.052918322043916
0.046054223807658
0.054155019622909
0.054504953683463
0.059085459969735
0.058792754483636
0.061097992342264
0.050584447030354
0.062851135819422
0.064890026032553
0.061846392575488
0.056138511716915
0.063282167278292
0.060946363563675
0.061951017456352
0.056835458983084
0.0532743045888
0.053043791861321
0.055105717441637
0.068975052659168
0.061357536638366
0.057436125911469
0.071265073621408
0.058018823408127
0.056906125648416
0.051203908657408
0.05675410079093
0.051252081729622
0.062814783399913
0.057307396073166
0.067327059317932
0.06226056881724
0.05096501136379
0.055497524325444
0.059570582720466
0.061722299589028
0.058782596942708
0.057022954836521
0.063122715100835
0.053680785116873
0.06074667423978
0.052208399409326
0.064996011625594
0.047604032636749
0.057141930232232
0.061992271504803
0.057340804639639
0.059171334540543
0.061822907027417
0.063873370569177
0.058767490559201
0.061463507656816
0.061129906089994
0.051554636312364
0.058394108978378
0.062897457291783
0.064276331999176
0.05477815679423
0.048857968803749
0.05525495981267
0.054050549216768
0.055886024095919
0.054383163983661
0.054758438789772
0.051530719855015
0.062333066218947
0.054184921055993
0.059246461449406
0.045673823392439
0.048508608807092
0.054783532592823
0.05542350245483
0.060936573934388
0.053480602657404
0.057169968449307
0.054818597596781
0.067783575322839
0.053780832670821
0.063364073936507
0.059907511684959
0.063995164059843
0.057248403634004
0.055999342378428
0.056805206740662
0.057829993431348
0.050914057749389
0.060928392135749
0.057967991337799
0.061772449726893
0.05216445904596
0.056970334746294
0.053821984917831
0.060952357057548
0.067341990685096
0.062209783855094
0.063495847490535
0.060193666542372
0.047124374084831
0.053849233917602
0.05516909613067
0.055691396856962
0.060452716373404
0.05591093881586
0.061403183628056
0.055626613385521
0.057312086552162
0.056666259951135
0.058503444508551
0.055099139122851
0.061879364657546
0.057632343489814
0.053312245804884
0.054628941962762
0.054863442392062
0.054181839450846
0.061287119628763
0.050434717103113
0.066982100187707
0.064570772756289
0.055527421451491
0.057725989168226
0.042473787831009
0.056346608698265
0.056805223064142
0.049932218933835
0.058433339050285
0.048393439945152
0.058490963435324
0.057498461371396
0.059382918951586
0.060103405677968
0.053117541096558
0.063462112517209
0.052636281236297
0.05973498160648
0.061598993670145
0.055893858088257
0.051896457464186
0.055432326665505
0.062393424863883
0.054180500645023
0.052524800910543
0.061113313835364
0.053447042006324
0.051907919165929
0.05262264778217
0.052183752042334
0.070282575778443
0.061427002322684
0.055864178576475
0.055672577171814
0.061887497351665
0.057676013303094
0.071416562435082
0.052348473465404
0.057384903744987
0.065460505340063
0.053143931892011
0.051268714580067
0.065379263854305
0.057920583382167
0.062317600073507
0.060665299110324
0.058000145876768
0.055898583285738
0.059266382429234
0.059878462659459
0.060339059982266
0.053660257469401
0.055587257491538
0.054831286788511
0.059476799172478
0.052256261304835
0.059440302361615
0.05662411600363
0.062752635129924
0.06343776154702
0.058838697940141
0.054278015840201
0.050228119947777
0.05311029668777
0.056215204335245
0.047918820677001
0.058836225854767
0.060116101265879
0.048361787529324
0.049162760607281
0.055233339805874
0.054627020839384
0.058571752751966
0.059715272595219
0.0573601019744
0.052233406846807
0.047167823492508
0.048329190217831
0.054796491982552
0.050280824928255
0.058692122718076
0.049828191825004
0.048725004199752
0.059749946080667
0.053278115335925
0.051555518279036
0.048601295218866
0.061525499763521
0.049640836898714
0.047857114177441
0.053344191784297
0.05419352261766
0.053605822973133
0.053463188537677
0.051441400415038
0.056213541497127
0.059476964265638
0.048966702925229
0.052337912545619
0.056304794004958
0.051375231964905
0.055347299852716
0.067102252404836
0.058272917490763
0.062881413617013
0.061655579727963
0.070193828938201
0.064507153126337
0.063549912747585
0.061319215805659
0.062555965301825
0.067252620974441
0.074009225597222
0.055993743635994
0.061356956351188
0.066504700754363
0.057930025318249
0.056245060809311
0.050673371712773
0.059268278200667
0.055981646638726
0.048653533379733
0.057052700659971
0.051922783923356
0.059025962695151
0.052895130832975
0.052791577098856
0.060661919387987
0.054156668665009
0.053569988245109
0.056743481741669
0.053647791716563
0.055840170468273
0.055590623712675
0.058305630518522
0.049121692126925
0.049387117459383
0.051329181553841
0.053184104002136
0.063039161447224
0.058708753740022
0.056802858473906
0.058893098483118
0.053399419540246
0.065738719646779
0.045668845499115
0.062859536780266
0.045538586161182
0.054972819489304
0.051946189286252
0.054684371655175
0.047020722820655
0.052782812108222
0.054234999250208
0.047840463134516
0.053579086979452
0.049887385417272
0.057298277653317
0.06569075545254
0.050270177019607
0.055580067158931
0.05265612575099
0.058513366271031
0.055616917122058
0.051267118689491
0.054207168084434
0.05902704665509
0.06099638371027
0.055032245086034
0.05854562797662
0.059522607876271
0.053520491569365
0.052170925321197
0.063859135402142
0.053148801925353
0.06142064322978
0.054794119254743
0.056887842965747
0.057747968358285
0.063516682420732
0.059097432700782
0.059365257218119
0.054003013172232
0.058327577763507
0.057259719391463
0.051205829522213
0.058132982943942
0.063320829250375
0.064364916192649
0.055358895938626
0.052578286480833
0.050444784974883
0.065309576461105
0.058212916991268
0.053488179778956
0.053509168243564
0.057108730501016
0.052840628843802
0.064645472586305
0.060520201398011
0.044872358881339
0.051574643009129
0.060253314278074
0.055421678688368
0.061974922237546
0.064017889123617
0.053550393447586
0.05812821070062
0.049728879809866
0.059645105793513
0.056705859150365
0.057450068951283
0.063415411448234
0.055990123259215
0.05841526150725
0.051698081388152
0.062735922618622
0.06073748664545
0.049622428757836
0.069556052765325
0.053713661862501
0.054558566504742
0.058206420847028
0.051625357144326
0.06243363149615
0.06187200847377
0.064088258980847
0.054273467191464
0.062877469308631
0.074459463304574
0.056470882822045
0.05977689428404
0.061180939523342
0.070954162435297
0.072733743014039
0.048890353808983
0.061356205923936
0.044665522307414
0.061724356009011
0.066568801908237
0.049159993967399
0.052776557251819
0.063848183027242
0.057218820854543
0.063286776308715
0.064938916112113
0.058672732952108
0.058645444279531
0.055872443376925
0.055843340422651
0.056318863978257
0.063916227201044
0.057420971470958
0.054148732207518
0.069292366055651
0.071131983232063
0.061783201720203
0.062702510525756
0.060539443014523
0.067149852085372
0.062831550904064
0.060101242093233
0.052592075491083
0.05480675331833
0.046643327002773
0.057450130949521
0.052365856698952
0.055415200262411
0.051953043023262
0.057501620492954
0.058521645812389
0.052641051950603
0.060043219096756
0.058661347841765
0.06327585020373
0.068474125935538
0.056485925528792
0.058841224202853
0.06036881043828
0.065818061972624
0.055090825085231
0.058471240591994
0.071285623668136
0.059641548649053
0.065405090542016
0.055375012320993
0.054332203868543
0.065101164155907
0.054294884473751
0.062587582527487
0.060107404988338
0.049107120093029
0.061866808055949
0.061590331705275
0.063858360551013
0.059739262725553
0.071210576798783
0.05420205741292
0.057213683835238
0.063025038709403
0.061532748680448
0.059296590863862
0.052116307548101
0.054685635048838
0.055946663056625
0.056665591255884
0.045795766721015
0.057893861852331
0.057751644941284
0.061349646926299
0.063712268340111
0.066194655275989
0.054527906209046
0.068457229557048
0.062833088582839
0.064943462640127
0.070666699226544
0.059713134296867
0.061073727552289
0.066382578792032
0.060504517423205
0.062913412500009
0.057172493776156
0.056410086578469
0.052297379487173
0.055579830974489
0.069508481668399
0.057787861950954
0.057492960824441
0.055296192238308
0.054776375014736
0.054477856283568
0.053908657283026
0.059762302846101
0.049322296780494
0.050443017079928
0.058108534194943
0.054066092420477
0.050588916466997
0.053289842007114
0.052589216148893
0.062839137509028
0.056865743439606
0.050814481575625
0.054690303701023
0.056672358975814
0.051686713948909
0.055193124909151
0.051672787320821
0.05590989760072
0.054680934577126
0.057350864730079
0.05503841357825
0.058084250845819
0.058024359683034
0.065070070908792
0.05923518397712
0.058631948866679
0.058896655839036
0.05623097205972
0.05795517854473
0.061039774998949
0.062382455482313
0.054414851546252
0.050816488747185
0.050040487538601
0.067428147761879
0.079164188799284
0.056856408641666
0.057550387982097
0.05428756908802
0.047764563763165
0.055496517766479
0.055043320591569
0.061401507879452
0.054470429152997
0.054247651222075
0.050329906884083
0.051246908225174
0.052531517739233
0.061036917990111
0.058513263222509
0.05265030493135
0.051234672353026
0.055844427648922
0.060881867813185
0.05630545514207
0.053391570106799
0.063231255489174
0.058664982900301
0.060044187264177
0.061311491441306
0.051440896902754
0.058980952734252
0.05137893388914
0.065266938073647
0.060844294887958
0.060346730869416
0.052653497109312
0.050355111204618
0.063885532799504
0.055828335194697
0.049978973259711
0.056917970224933
0.05058193839859
0.052435039135331
0.05885235503113
0.054285556614005
0.056443352859556
0.058976799540963
0.056033110086183
0.052906708266116
0.062931765037513
0.063872904705352
0.07474097844649
0.055772867617686
0.059927825091828
0.052433615943855
0.06534375838865
0.060237944269114
0.060664581516168
0.05624821096722
0.053941964744936
0.061136440884246
0.05995559667098
0.063463979632111
0.062456100189797
0.062157395939485
0.06679896414801
0.056857682181695
0.055200727736116
0.053732515297091
0.055145491369068
0.055591920274788
0.05287407989622
0.065917567425841
0.065058217329326
0.058302434803406
0.055999612725933
0.06227506224855
0.05492681828123
0.051903755840717
0.061220119205365
0.066446903966321
0.058293100705491
0.045514689912807
0.056176023658372
0.059507281124753
0.049658789475415
0.059435837046862
0.056307564237243
0.049598830142074
0.051774882405262
0.049837684347842
0.043385111612154
0.052694029660148
0.059264449919456
0.053723500074579
0.05229544341347
0.053597068224229
0.057047273272143
0.052813035580826
0.060750165292856
0.061703224664928
0.065159450318468
0.0565837482223
0.055400061365979
0.051403541408961
0.067633129910088
0.061349012846345
0.054760468920848
0.057570672552132
0.049912793385397
0.054269744327343
0.061852728573219
0.056523479271011
0.049839701737648
0.049952443341481
0.051460376743647
0.065064549567243
0.068306179231144
0.058026771700095
0.053128466029993
0.05629559693083
0.058472379533684
0.061670474279752
0.054962287001607
0.05636567819707
0.060718983109729
0.058082802931642
0.053224101912829
0.051487553833869
0.054004304702441
0.060839406770574
0.055793204587883
0.062638428918817
0.050864042590541
0.061448611034052
0.063610557690805
0.055587425715995
0.055145827220666
0.053374927483705
0.054076140977484
0.048499567644869
0.047656579005138
0.056147782780431
0.061426964144986
0.051613096607845
0.053316252193418
0.053504215215749
0.055029386270949
0.054409133043402
0.052030336626325
0.064073915442354
0.066134156827007
0.059363355985037
0.05916176381704
0.059104021382469
0.062553569433978
0.05243083105171
0.0634274952834
0.057475114594758
0.071060614839782
0.057621099322027
0.056927218299749
0.060906459000017
0.054375366164474
0.055637418474121
0.052186416733935
0.052886482030818
0.055568761007057
0.055836850165782
0.059931847572799
0.064540210139147
0.063732966585844
0.054864539641023
0.067625788690852
0.059841476410586
0.058188480146944
0.0517112298177
0.065175884559403
0.055685779639652
0.055840339494472
0.058987056449809
0.065978295104893
0.059838901533007
0.062193779941807
0.050330455311486
0.065456441834949
0.0666322784851
0.054395911473223
0.064476612911375
0.049309331286983
0.057663949287611
0.057525695585888
0.06546966861031
0.073187929563723
0.064050062653711
0.065977586528813
0.064978137686192
0.067612364882575
0.056777683580638
0.065311335217932
0.058561546132626
0.056986671448923
0.065201044771286
0.063097920860202
0.066302746203035
0.063004809782302
0.064526310626381
0.065640150335754
0.067347406853242
0.053911477022216
0.050342087638338
0.059276823835907
0.065134903254745
0.064349926585603
0.059749609194853
0.063895426778432
0.065750266463991
0.055935952752465
0.052985245120731
0.056843557376319
0.054250050948247
0.063386537086493
0.054603629493093
0.054129935677283
0.046752481512624
0.049946462154266
0.051474749569807
0.044750870015971
0.046615381927323
0.052407737832687
0.043545329026776
0.05834166962627
0.051953750584272
0.060680278839937
0.048533134167335
0.050506810423416
0.051573409226132
0.047443249685675
0.050104460896314
0.05050647467094
0.066678072602748
0.051451780072063
0.059470087772732
0.051313833264621
0.053991057459029
0.052355492677812
0.052764229873118
0.046379821566047
0.054844059331519
0.057536733775866
0.052590299458515
0.056794878861529
0.061255805271753
0.071053515022088
0.058847030593838
0.069957143130378
0.055735116968975
0.05053975603332
0.059808201332364
0.063451383442492
0.05870340136761
0.058203653497951
0.067498734462927
0.060380947027133
0.057208887300982
0.060914015029883
0.049042564093021
0.052113572604205
0.056833606347576
0.059430286495807
0.061897229391115
0.065834728541061
0.06175840227353
0.056027805726069
0.058969988875896
0.059815942969059
0.054032527883581
0.058230752179752
0.058517316774052
0.049181143118864
0.052634827088557
0.051920728496748
0.05571688193442
0.050799604279638
0.056890054789643
0.060545914990453
0.062424674132953
0.062311340900439
0.069564388610342
0.064871796374841
0.065831267379673
0.05750063239014
0.054486953937169
0.050768922619425
0.051478056002109
0.056743481383654
0.048914580802501
0.059489981654206
0.058274936339214
0.051258687838157
0.061070538782305
0.046428402023763
0.058409770569682
0.054969634327692
0.061360560266436
0.06473130179271
0.060050907786766
0.0531591317372
0.067757170089307
0.073101139647852
0.058366030142663
0.064250151351371
0.060779799783187
0.062376133536657
0.060118392530321
0.059496884092717
0.056175056447202
0.054596807894885
0.056146975420816
0.055108589023947
0.066150210057688
0.059740430706213
0.049395919848952
0.052866261475964
0.052004849687477
0.060136511106273
0.059073543355206
0.064776789370754
0.063009033363321
0.067780812690803
0.062098807791675
0.058998499987375
0.057910807230275
0.058030644149237
0.058030069657556
0.054241338910585
0.059721318376463
0.059784781374524
0.064922770852184
0.058299459112244
0.052251100956262
0.055628048033253
0.06007423844124
0.0683276849808
0.05888207168973
0.062589188163015
0.06108555872028
0.06336436489965
0.055786656752751
0.067078755032137
0.066433853120489
0.071847956337232
0.058570142086179
0.061569957614268
0.071910837755395
0.061818532613708
0.068132955674302
0.055812500289115
0.074358834587594
0.059134610898488
0.054324078788904
0.057907617932051
0.058432177038466
0.056254872576616
0.069184329327206
0.057508869260938
0.066405764797953
0.062963059066905
0.061803929227904
0.062085182679013
0.060406776983104
0.067208135254964
0.053179799934739
0.06037186872412
0.055290926275903
0.064732358149017
0.055609640309694
0.059098773264999
0.061872099189144
0.056510962288712
0.065747421153403
0.06482799438445
0.06002384367531
0.052056967762119
0.061066683989773
0.06859012162512
0.065415743334765
0.065944923607096
0.055765233430017
0.06074441062292
0.066199226972719
0.068464345778081
0.06730007233437
0.057519875877274
0.066207990134594
0.059428397607709
0.058484632967529
0.072734667868758
0.062347000684496
0.06935147994884
0.078920092026113
0.060773398448447
0.057543326155828
0.063881770575301
0.066403427822923
0.063907665858123
0.065151154789703
0.065633423825128
0.064646069134589
0.077754589235362
0.065911569759527
0.064377027445072
0.063506117196166
0.065211414445607
0.060151858287356
0.062851840143285
0.070944067021706
0.059957294813736
0.055545141680265
0.069975445800845
0.067683055979758
0.067878325733493
0.064084826005297
0.069471702514001
0.069208675987772
0.069201304815318
0.069306615814096
0.056439788313603
0.053686506008392
0.063690936844302
0.058983132759771
0.061670630432647
0.062121484234365
0.055796972795934
0.051703378907923
0.056963112454522
0.063808752157754
0.059147621661134
0.070310604473164
0.05899732393295
0.062688601637177
0.0603773768829
0.058333546997469
0.059047088905966
0.061704611255009
0.069042399153104
0.061106699771073
0.063701402983153
0.058774126595034
0.058905670609584
0.058282720259086
0.067584878792922
0.065175184019362
0.066001421129301
0.054808901097511
0.068204745290834
0.063241039834882
0.057085638185774
0.052817160845394
0.052641457867659
0.058643848109149
0.053190311581997
0.057504718258813
0.057102392007248
0.060386844408036
0.072961697351526
0.061778260486957
0.059512367531216
0.06249724469933
0.058172776166492
0.06031820496798
0.066388008239133
0.060971965406746
0.056786031236233
0.063865297594845
0.063971652047388
0.095787360246051
0.057357222130634
0.062184737665837
0.05481083251686
0.061534583169541
0.067195874773643
0.06255597880313
0.057433489454351
0.050564773320532
0.049522156755388
0.066171616357413
0.05793495920403
0.062634323371499
0.066476468342399
0.063111218104249
0.060467739163144
0.066066143801333
0.066172811951544
0.059619163268909
0.056435932594963
0.059632532415821
0.056906461190959
0.059373591917705
0.051152003567786
0.069568563532851
0.052709448498292
0.057867508366597
0.053195441918036
0.053854251088016
0.049852655028958
0.054874210040374
0.058526645491702
0.06026738608812
0.054655893154162
0.052963325158766
0.050034818656513
0.059118253856291
0.050865680854191
0.054536029340803
0.059839808651206
0.057388945239375
0.071645278358627
0.053881437738318
0.061596078593703
0.059329702580174
0.065886074268435
0.068434050212404
0.064660299856674
0.054736542876619
0.063967782973569
0.060810519979384
0.060366374978717
0.055449435703697
0.058387782461488
0.054889427362752
0.058988797470286
0.063490013205283
0.061544538096691
0.067036288155353
0.057692459818173
0.053914036014522
0.056226896137558
0.052820230386544
0.056157515040547
0.063978844433459
0.057666373367546
0.059724915821722
0.058299521191668
0.069678067981315
0.055979036093394
0.062230798931693
0.055597847305225
0.049070162658039
0.047767026798263
0.061045840822494
0.054395885930271
0.05711241781772
0.054514100323818
0.060575433133931
0.058005281418683
0.060541177110455
0.060514096544683
0.049059899273199
0.057398985459651
0.058362535217695
0.06421210441668
0.056735627810569
0.050126275336877
0.058571124287508
0.053752262953989
0.056332061297668
0.0617362764709
0.058759823857085
0.058876938969926
0.065415651982136
0.060718782463225
0.061985820392731
0.058674617856597
0.054215334167169
0.057794131685714
0.061183059248564
0.058677651488673
0.055294461918391
0.068090788431632
0.062727354054207
0.068680131689687
0.063785363656587
0.06250569772606
0.057924758541535
0.060464939591223
0.053573220378573
0.067963735865372
0.057300902355041
0.059767958301226
0.066186878296166
0.066081560056154
0.060035813654399
0.063128670712888
0.066543254980158
0.065060474959878
0.061814655437218
0.060109184658681
0.064201804405683
0.053556560004772
0.058701723292153
0.054544058071258
0.051249906826565
0.059452928082334
0.050223069588553
0.060368086623886
0.05744922133419
0.060040743151276
0.055919141350141
0.059037683486118
0.058955555818863
0.04974165633635
0.054063909139566
0.059963016242436
0.056115527279035
0.048989828231337
0.054244893392309
0.052388432052711
0.055689324689901
0.05350632770704
0.049928021050874
0.062671689253487
0.057530887036243
0.066851961495668
0.062663239924092
0.056606855547453
0.059964558256673
0.060130298585797
0.058470177388936
0.060908676517435
0.049668072234162
0.06418735232783
0.052247798639307
0.060479838977185
0.058305443453516
0.054036342869746
0.071676507571648
0.068650666349639
0.059918706468698
0.050609287395526
0.059493332703319
0.06281159621259
0.0631889132703
0.065288184687144
0.057520253054715
0.066069148591895
0.056651126782888
0.057641501609936
0.063156581683496
0.050605586162007
0.065531681736513
0.0537976941299
0.066212576083931
0.054535972598161
0.062847143296586
0.056487700456703
0.05729096714973
0.049203909183968
0.056054368452216
0.055091994074739
0.053943849830741
0.05835758668336
0.05602512057357
0.063444224729601
0.055642335777624
0.050817815090194
0.052986233199236
0.055446827206283
0.057424122996233
0.062471310465675
0.057876567576383
0.068136825666284
0.053844203177874
0.065690989820815
0.058514702522092
0.073235158740199
0.063997793914881
0.061830038058818
0.061245902301551
0.060457291022954
0.060431466666434
0.061914500723702
0.058002844957804
0.06393208577929
0.050789481959521
0.056332622502582
0.068608746372067
0.070090056909894
0.058038665885079
0.070792627808348
0.06011793543195
0.060836772118785
0.05328531204743
0.067696392286363
0.052657496688488
0.068238738377925
0.061244190934242
0.065042009803436
0.055539623703438
0.060807710939367
0.058489490197484
0.057323875932527
0.067144859590435
0.059967564526717
0.060121945060281
0.062300208204209
0.057261694274785
0.05761112314667
0.058198314293308
0.054102810189698
0.065912733052892
0.050453325716731
0.051017458403282
0.048082258576243
0.057594651959723
0.061299120976564
0.05371081767306
0.052801048642472
0.055211347542371
0.055262398671887
0.054642153639583
0.061054897945286
0.068563597951355
0.059730725212273
0.05735539746104
0.059165082722988
0.053951651309316
0.058735175682353
0.056002686979442
0.056468431323967
0.056965567064345
0.060279455402334
0.057499201041937
0.064235682558096
0.065775117480826
0.049213522067842
0.054955738171385
0.059210154911389
0.06048194992149
0.056451467992315
0.067688474790001
0.064986711613193
0.057262954675288
0.054634730338289
0.064711069910223
0.091887953157947
0.063676597898817
0.065006978315094
0.059008018756943
0.065989588534336
0.059561292637178
0.065133508774347
0.063501638806981
0.054273454984604
0.064328200645506
0.062664658931623
0.066358677412569
0.059948904121826
0.058248708620362
0.053705385888143
0.060885286597735
0.064450645142692
0.05712157293594
0.067095975195831
0.052703599537291
0.056171040426055
0.063297624178668
0.0584335854185
0.05706269449148
0.056251262649978
0.060844981882274
0.059782041698942
0.071022274102555
0.057528711538385
0.063880205113104
0.058094392534245
0.063760243319119
0.054219590048396
0.05363745093932
0.058192904183348
0.048755333268801
0.057121111984647
0.059865153611348
0.055464865774394
0.067420637973895
0.056498784134082
0.064434706600171
0.063917457748037
0.059123506416921
0.059487282212821
0.061415927678434
0.065281998314309
0.064575060141755
0.061879489988099
0.06891623120168
0.060128514057732
0.080507092404996
0.081610907516317
0.076037210874784
0.059043145650267
0.061054552060279
0.061433981011424
0.056716449258267
0.061594873150533
0.056857674240118
0.068427686906633
0.063546435412601
0.068848317368805
0.061172814148399
0.053037766075279
0.071006436557678
0.058919127780411
0.05657390658307
0.057336395386432
0.061596596906025
0.069258800412705
0.04527257851377
0.062540307554968
0.05710052587015
0.05452094514223
0.062080796387038
0.054254157879214
0.062508524189849
0.055423108365296
0.057913986057751
0.055780046510747
0.062370054656218
0.065121217246774
0.055931396632642
0.057401817466368
0.054688773872156
0.054790335560121
0.053934584480167
0.058820502862718
0.060890851055123
0.064726649015338
0.052240920908184
0.053198745378206
0.068218013335124
0.052419032963938
0.057920307257491
0.059993040042047
0.059234162090475
0.056504971204698
0.062880535845928
0.056820838849673
0.05752455684903
0.063600830420238
0.049665258799303
0.054530163577984
0.057520751260971
0.058706554562412
0.051253460396272
0.061352780314824
0.05932354027874
0.056988907146627
0.055302129864739
0.054105451107063
0.071448811731172
0.064411771283158
0.060092610506848
0.059473759072737
0.050868277978336
0.059942335225517
0.058121147797351
0.06453581085318
0.063550224303088
0.057158767199908
0.062542710094968
0.054443291430636
0.068792633876401
0.052257948098806
0.048541231892473
0.055895239898309
0.055467901461875
0.057442450312636
0.054915522181075
0.059413240097856
0.066495492639446
0.060457692069422
0.056869479792604
0.069944323056392
0.062911589965096
0.071552969615652
0.05260371710397
0.05169110132352
0.057815575424179
0.065990977350755
0.06365378864075
0.068067219053205
0.066047489712587
0.069885614568227
0.06062939060625
0.062728730817838
0.066661497997261
0.06778319926977
0.071687055991334
0.058273525046241
0.060945199505426
0.062308250679323
0.06031019109248
0.063866183254316
0.064565602932861
0.066803470979886
0.060782601427306
0.058978327203333
0.059964915783544
0.061041197839819
0.055685014211336
0.050781523619261
0.057462279354617
0.068304718198318
0.059928524233983
0.063744475626223
0.050835429325104
0.063907479051993
0.063063956765331
0.057642342125186
0.060323451180451
0.05821395488902
0.058224678546211
0.058397619771441
0.057743111609466
0.065483526312021
0.059221140343805
0.062110657129648
0.068332230269862
0.052867547797906
0.058188162838585
0.059326152917954
0.048809059109746
0.057289252407224
0.063948860498599
0.055078739989716
0.064546626798009
0.07116969970049
0.065078843416059
0.080155214683008
0.067464304587833
0.063216974524763
0.055007478153703
0.060978269220637
0.0579473917723
0.070378002550718
0.055646045296575
0.068115056493195
0.058496842104305
0.067909652900566
0.06004693130411
0.067931532997539
0.056545866239701
0.061269825508562
0.059992230041337
0.058644139675596
0.061993892070469
0.056959276691289
0.066650396237426
0.059832049104189
0.065481111570608
0.067329940116596
0.058343506099699
0.058462670386428
0.067235612372507
0.061284368720784
0.067711421661511
0.055865505701762
0.05826228369684
0.061387731028186
0.055586065194668
0.064386937536049
0.066917760611368
0.065391670346556
0.065975347731459
0.061700605251422
0.066207807008565
0.070451547570172
0.065156437952953
0.065118679048842
0.062247834686727
0.0621013095457
0.063737887658619
0.051814556726993
0.061221817934984
0.0582022636038
0.063586948533742
0.065750520144319
0.053696332748854
0.056377193902953
0.06311420235403
0.066497245454612
0.058205208774651
0.060253404629563
0.059834712049177
0.073873469568609
0.054766856300965
0.071544324407358
0.061848223280486
0.058764333868925
0.058091168610024
0.067315617140525
0.058580347140893
0.060327253292245
0.077057827520387
0.067146828964843
0.060454257069224
0.072614193558157
0.059111344878346
0.055107434691644
0.053371086037688
0.059867317071421
0.053903917759161
0.052786931894102
0.05480064293471
0.054646979517006
0.065053816403379
0.063748439692247
0.055673986621535
0.057180818778265
0.065725146568062
0.056771779620974
0.0617382299825
0.050336526532625
0.069558109583441
0.058498079345139
0.059235229954159
0.053924693447231
0.063803544783735
0.065202962753137
0.060429903107712
0.064791099112448
0.062311770775314
0.055953965936649
0.064940530431183
0.060905300725488
0.069742294716268
0.065894256498826
0.062898248620475
0.052825329516016
0.057722783985129
0.061579852392749
0.06571631950006
0.057875831778374
0.059049932377668
0.047583842029389
0.062918434137131
0.057319506023367
0.060935965620373
0.055175038271467
0.060397485170447
0.054217848156096
0.05529234976142
0.06009519142898
0.053393201944162
0.051876949897135
0.053572093804474
0.064771139838327
0.055297942046933
0.063880554768704
0.065372997712007
0.070003272622548
0.067229623931049
0.063419958715425
0.063290016928891
0.065217492956359
0.068894189616424
0.065810871029233
0.062727738899894
0.059101345158472
0.063085516593102
0.058299876878078
0.059105440442618
0.058294907939754
0.062457889711088
0.063338298428733
0.058462532309615
0.064606322115949
0.062451074617789
0.059610288436278
0.063445224159356
0.072359307940837
0.05770667659514
0.067629049373778
0.059865109029974
0.063385750526093
0.067231812661248
0.060309261023719
0.063095122571688
0.058373146172785
0.05988181406451
0.06148533014354
0.054312514679617
0.063841604702682
0.062936637975913
0.051503470758661
0.055895292299563
0.057553903693981
0.058962938701532
0.063671181110323
0.061103237513096
0.062897018536145
0.062047444040663
0.065323421436941
0.059039542662303
0.057344060736343
0.061574159450988
0.062017537283532
0.067176659442387
0.056585058194025
0.061183010358368
0.058776675634818
0.059348920941992
0.063492483871525
0.057931029326143
0.055004735155415
0.058421405719245
0.062756986809599
0.054327503083183
0.06603917274543
0.068040926987341
0.057735611715057
0.060560398817518
0.058252644594893
0.054589694989711
0.055007727578391
0.061759769423895
0.059356630813331
0.05802876583886
0.059252639781191
0.073554672348728
0.05978491738407
0.060898750788305
0.059501975451815
0.055748886735815
0.076111201499866
0.054117710450661
0.06378190607118
0.06010422552648
0.062850959205888
0.062003742264148
0.080965565891295
0.065547017047502
0.052842074850128
0.060540568555147
0.062274186778325
0.056851656328668
0.062448491384595
0.055970169320181
0.065425221296181
0.061329738930017
0.068105229338308
0.064256217667113
0.06287800312501
0.061499686321423
0.067702750268627
0.05982081824877
0.062134590225775
0.059204467326264
0.050143309317715
0.050602724792661
0.063639721966944
0.064643131983121
0.058084235343194
0.060839571838722
0.063635341637244
0.057106805786588
0.054359131677351
0.066939815553013
0.067280102659122
0.058151221198858
0.055586934855923
0.064025819439406
0.059415273343836
0.051569612956644
0.060643974852923
0.058774221651196
0.060579395991117
0.064827327487583
0.06137436728267
0.068678460343037
0.056116233097045
0.059103731302819
0.062477056483806
0.058172426224426
0.054725779326054
0.059440893441649
0.064309119215043
0.061686572534534
0.064036568286269
0.068346816616742
0.070363354322679
0.066414370475019
0.070643890170004
0.057949159617828
0.054368065637971
0.049123518388515
0.06197471638456
0.060118739946014
0.061594938468129
0.060712608870168
0.062069093101886
0.05011747458848
0.057181034488323
0.065536751337399
0.063901926917176
0.055552527324981
0.0583910042092
0.068338567594353
0.061038403073976
0.058349634509438
0.065740583786092
0.05805748957757
0.056674964699137
0.064002882314641
0.055544466472327
0.053862469363975
0.049689223303854
0.056059142092778
0.050808747256023
0.067182257751686
0.049098460093597
0.058482676524253
0.053952120548256
0.059175487080214
0.050495329975145
0.058633377095616
0.058324192662024
0.055416302696301
0.051357251305067
0.070350553099862
0.063832648328187
0.06392529515106
0.06349447347293
0.066019084140153
0.063876859264336
0.075501504270955
0.060586945268492
0.0706474247676
0.061661436816417
0.06071623984442
0.059705727538165
0.060616610635401
0.051983302705935
0.059483799955907
0.059575053132341
0.056864180858605
0.065246471194672
0.053970012270787
0.052338101478266
0.061496318708772
0.059119345359651
0.06052043161205
0.062010389045597
0.059690687787049
0.071520207800785
0.069191109047779
0.065351715406731
0.060699955986897
0.059189331518959
0.069065626437648
0.063121025368673
0.067867297035322
0.064088443764568
0.079685352951777
0.07133093377012
0.061039140441246
0.063725387311293
0.058390635394028
0.057405791318154
0.061913804877747
0.062127500278652
0.062468983035594
0.063436993440819
0.07839093481385
0.061408430381409
0.063679310755955
0.068472836166537
0.0593672349239
0.057253900074929
0.060275399816616
0.066121970922391
0.058182604045964
0.057346998157749
0.067474022637208
0.058425021201232
0.057310682180285
0.053714613575208
0.063172583564022
0.060027052120701
0.055797557788736
0.058739646157609
0.063997379043266
0.071662416787765
0.070859181882247
0.065813284162681
0.064079211614125
0.063700208504782
0.064395864212876
0.05899040945212
0.062198018577134
0.063263901485624
0.066074050077303
0.064323220250932
0.058804716066817
0.060542658960951
0.052744766948383
0.052958398775804
0.054263606275472
0.057082631193322
0.055766502985817
0.048325631780893
0.057002558502015
0.056242245754602
0.060817392106684
0.067648799846302
0.060249008828174
0.069832451875156
0.053982833191708
0.057065827685025
0.058251931324261
0.051476891221479
0.061455411998575
0.066018502691088
0.054760154473464
0.061676462284736
0.052624811015621
0.064796253521223
0.063098608139337
0.06010033646373
0.07108732021689
0.059260557333296
0.066229672965338
0.07032261433648
0.061025497538985
0.068345598909104
0.06272349651272
0.064893399833459
0.054893276828918
0.055881222631354
0.070103728884823
0.05993635736854
0.059260397515411
0.066671760403336
0.05231695303868
0.061901588990968
0.059168598021583
0.056128851560527
0.066909110809337
0.059889588931329
0.055660580060123
0.05367577752602
0.066372886768904
0.060447874052006
0.063832982967568
0.069510083590332
0.056094642106006
0.062046318171778
0.063176131997257
0.060599028847016
0.053596383303236
0.058164397303048
0.066418471574157
0.070404502943189
0.05823516051362
0.068983095552419
0.056992786226933
0.068124804851561
0.076249413668262
0.05286919863969
0.063543069032648
0.057684927385948
0.053119475017939
0.052711859678855
0.056898057824701
0.046036445784111
0.048769328106906
0.044859275520065
0.057129212333712
0.063521804845468
0.05226193532908
0.055390255900734
0.060081457215604
0.065286051231785
0.053060365300408
0.064261092746078
0.061770915598932
0.06381328654423
0.062439055646407
0.060888367891456
0.060494538098638
0.057503496858445
0.071846138584653
0.059272991835179
0.06169774881843
0.063137752598502
0.065071529181855
0.058178366930465
0.066875968684805
0.058382096325106
0.057468965675796
0.063454642749846
0.067373550915536
0.058904032922288
0.066503424336642
0.05233327859656
0.055017745170284
0.051540618139274
0.056524061935542
0.056633591821798
0.053683230078667
0.057214700847697
0.058333345224105

